{
  "nbformat": 4,
  "nbformat_minor": 0,
  "metadata": {
    "colab": {
      "provenance": []
    },
    "kernelspec": {
      "name": "python3",
      "display_name": "Python 3"
    },
    "language_info": {
      "name": "python"
    }
  },
  "cells": [
    {
      "cell_type": "code",
      "execution_count": 2,
      "metadata": {
        "colab": {
          "base_uri": "https://localhost:8080/"
        },
        "id": "lGheekK7-K_1",
        "outputId": "26590d6a-0c20-4321-c221-be215ab7b1f6"
      },
      "outputs": [
        {
          "output_type": "stream",
          "name": "stdout",
          "text": [
            "Random 10x10 Matrix A: [[0.91696202 0.12088327 0.21159938 0.13322327 0.20030322 0.09761431\n",
            "  0.25763112 0.72179508 0.14554312 0.15543744]\n",
            " [0.73113126 0.81454644 0.2885939  0.34668165 0.57623397 0.06471175\n",
            "  0.44752515 0.4205892  0.1047678  0.21644515]\n",
            " [0.78802964 0.84988206 0.50998138 0.61146997 0.99195858 0.9258687\n",
            "  0.21133684 0.32544663 0.30178124 0.61686236]\n",
            " [0.71427802 0.12729841 0.94573807 0.38781009 0.84446024 0.82380715\n",
            "  0.95299536 0.33412275 0.69283693 0.04067323]\n",
            " [0.71406841 0.25661753 0.73714446 0.77558143 0.06762248 0.41613803\n",
            "  0.37374156 0.80092245 0.9006336  0.25301626]\n",
            " [0.44293756 0.5293976  0.63754145 0.22137726 0.00234694 0.89634281\n",
            "  0.93357094 0.80280958 0.66473981 0.6062513 ]\n",
            " [0.23505434 0.46566169 0.4286276  0.73616959 0.23123867 0.87578739\n",
            "  0.02369697 0.30028941 0.12349222 0.25437792]\n",
            " [0.23460859 0.25392168 0.33165902 0.64022275 0.39307418 0.34140182\n",
            "  0.8147901  0.09992202 0.57874518 0.78453772]\n",
            " [0.62104712 0.92849272 0.5871361  0.06776425 0.04295897 0.25471974\n",
            "  0.87124262 0.06974925 0.34089369 0.79611574]\n",
            " [0.0536515  0.48433255 0.91740183 0.02457713 0.48336108 0.33780778\n",
            "  0.66471116 0.8823     0.90041273 0.42389961]]\n",
            "Random 10x1 Matrix B: [[0.83337349 0.62540637 0.38805202 0.24464014 0.5491584  0.09842283\n",
            "  0.72297487 0.16306535 0.35238713 0.85494971]\n",
            " [0.91376281 0.7265502  0.49612465 0.8823055  0.63715084 0.73423898\n",
            "  0.63380205 0.66771464 0.49873817 0.88809251]\n",
            " [0.68142536 0.11062842 0.36532709 0.54252554 0.69269361 0.62074312\n",
            "  0.69616517 0.35682142 0.86843564 0.17609749]\n",
            " [0.66799741 0.67376702 0.83896359 0.14892152 0.1141398  0.67393075\n",
            "  0.60941264 0.28511525 0.50282512 0.77278111]\n",
            " [0.0910966  0.42343756 0.8894153  0.66623735 0.13219195 0.56876147\n",
            "  0.12794932 0.40404849 0.39541925 0.94141341]\n",
            " [0.69247215 0.80355627 0.50476643 0.83729407 0.71294392 0.65272207\n",
            "  0.36652713 0.29643175 0.69535534 0.28562827]\n",
            " [0.45187311 0.46459924 0.81418813 0.98623032 0.52387795 0.97763575\n",
            "  0.61813637 0.61509834 0.52506231 0.99749376]\n",
            " [0.40077518 0.0462575  0.88204095 0.7927574  0.67173304 0.9630417\n",
            "  0.38223662 0.92683836 0.88479115 0.34395367]\n",
            " [0.57522184 0.4164922  0.51680672 0.35752916 0.51847161 0.03238022\n",
            "  0.22482617 0.4337731  0.7507236  0.6662934 ]\n",
            " [0.12583758 0.78434609 0.33076296 0.79159282 0.55719068 0.21457432\n",
            "  0.6306587  0.21584477 0.45859171 0.57697987]]\n",
            "Matrix Addition Result: [[1.75033551 0.74628964 0.5996514  0.37786341 0.74946162 0.19603714\n",
            "  0.98060599 0.88486043 0.49793026 1.01038716]\n",
            " [1.64489406 1.54109664 0.78471855 1.22898715 1.21338481 0.79895073\n",
            "  1.0813272  1.08830383 0.60350597 1.10453765]\n",
            " [1.46945501 0.96051048 0.87530848 1.15399551 1.68465219 1.54661181\n",
            "  0.90750201 0.68226805 1.17021688 0.79295985]\n",
            " [1.38227542 0.80106543 1.78470166 0.53673161 0.95860004 1.4977379\n",
            "  1.562408   0.619238   1.19566205 0.81345434]\n",
            " [0.805165   0.68005509 1.62655976 1.44181878 0.19981442 0.9848995\n",
            "  0.50169088 1.20497094 1.29605285 1.19442966]\n",
            " [1.13540971 1.33295387 1.14230788 1.05867133 0.71529086 1.54906488\n",
            "  1.30009807 1.09924133 1.36009515 0.89187957]\n",
            " [0.68692745 0.93026093 1.24281573 1.72239991 0.75511663 1.85342314\n",
            "  0.64183334 0.91538775 0.64855453 1.25187168]\n",
            " [0.63538378 0.30017918 1.21369997 1.43298014 1.06480722 1.30444352\n",
            "  1.19702672 1.02676038 1.46353633 1.12849139]\n",
            " [1.19626896 1.34498492 1.10394282 0.4252934  0.56143058 0.28709996\n",
            "  1.09606879 0.50352235 1.09161728 1.46240914]\n",
            " [0.17948908 1.26867864 1.24816479 0.81616996 1.04055176 0.5523821\n",
            "  1.29536986 1.09814476 1.35900444 1.00087948]]\n",
            "Matrix Subtraction Result: [[ 8.35885302e-02 -5.04523103e-01 -1.76452644e-01 -1.11416871e-01\n",
            "  -3.48855188e-01 -8.08526680e-04 -4.65343752e-01  5.58729728e-01\n",
            "  -2.06844008e-01 -6.99512270e-01]\n",
            " [-1.82631549e-01  8.79962464e-02 -2.07530747e-01 -5.35623856e-01\n",
            "  -6.09168716e-02 -6.69527224e-01 -1.86276894e-01 -2.47125444e-01\n",
            "  -3.93970367e-01 -6.71647358e-01]\n",
            " [ 1.06604279e-01  7.39253645e-01  1.44654290e-01  6.89444338e-02\n",
            "   2.99264977e-01  3.05125581e-01 -4.84828330e-01 -3.13747825e-02\n",
            "  -5.66654400e-01  4.40764872e-01]\n",
            " [ 4.62806097e-02 -5.46468609e-01  1.06774482e-01  2.38888576e-01\n",
            "   7.30320439e-01  1.49876401e-01  3.43582725e-01  4.90074974e-02\n",
            "   1.90011817e-01 -7.32107887e-01]\n",
            " [ 6.22971813e-01 -1.66820026e-01 -1.52270841e-01  1.09344083e-01\n",
            "  -6.45694697e-02 -1.52623434e-01  2.45792240e-01  3.96873953e-01\n",
            "   5.05214350e-01 -6.88397147e-01]\n",
            " [-2.49534590e-01 -2.74158662e-01  1.32775023e-01 -6.15916805e-01\n",
            "  -7.10596977e-01  2.43620736e-01  5.67043811e-01  5.06377833e-01\n",
            "  -3.06155256e-02  3.20623029e-01]\n",
            " [-2.16818763e-01  1.06244169e-03 -3.85560535e-01 -2.50060725e-01\n",
            "  -2.92639280e-01 -1.01848357e-01 -5.94439404e-01 -3.14808933e-01\n",
            "  -4.01570093e-01 -7.43115850e-01]\n",
            " [-1.66166592e-01  2.07664174e-01 -5.50381926e-01 -1.52534647e-01\n",
            "  -2.78658867e-01 -6.21639878e-01  4.32553482e-01 -8.26916345e-01\n",
            "  -3.06045974e-01  4.40584041e-01]\n",
            " [ 4.58252777e-02  5.12000515e-01  7.03293779e-02 -2.89764912e-01\n",
            "  -4.75512647e-01  2.22339514e-01  6.46416443e-01 -3.64023844e-01\n",
            "  -4.09829911e-01  1.29822341e-01]\n",
            " [-7.21860812e-02 -3.00013540e-01  5.86638877e-01 -7.67015690e-01\n",
            "  -7.38295933e-02  1.23233463e-01  3.40524615e-02  6.66455231e-01\n",
            "   4.41821018e-01 -1.53080266e-01]]\n",
            "Matrix Multiplication Result: [[1.70262817 1.27334449 1.80534339 1.68217202 1.62031903 1.56283285\n",
            "  1.59535713 1.37773453 1.73569882 1.93988423]\n",
            " [2.33743729 2.05134915 2.49037691 2.52741418 1.97417506 2.34518982\n",
            "  2.15193301 1.87419074 2.14670758 3.01391797]\n",
            " [3.39793457 3.46551198 3.59548856 3.80910892 3.0180344  3.26091894\n",
            "  3.01423839 2.42322742 3.39631543 4.06887363]\n",
            " [3.23067217 2.70335312 3.62024469 3.59493451 2.97726406 3.31481794\n",
            "  2.80002296 2.44008543 3.57305103 3.77087775]\n",
            " [3.1840694  2.38441089 3.15447461 2.83582892 2.80213522 2.76920663\n",
            "  2.72511783 2.34012173 3.42290561 3.14443476]\n",
            " [3.25836266 2.82583457 3.31998059 3.98108446 3.39758751 3.40108133\n",
            "  2.97907045 2.72048859 3.68685825 3.39048634]\n",
            " [2.26685521 2.10626994 2.17630534 2.20482705 1.88156069 2.20134194\n",
            "  1.88030853 1.46650731 2.24539301 2.08270553]\n",
            " [2.19328694 2.47960733 2.70736226 2.81517934 2.1199698  2.37315538\n",
            "  2.29376594 1.78287748 2.5225686  3.13219332]\n",
            " [2.70955748 2.57090164 2.35015635 3.20829042 2.65797254 2.44447804\n",
            "  2.73030701 1.96318142 2.56017398 3.20403647]\n",
            " [2.63203879 2.03675285 3.14227703 3.55919407 2.92500306 3.0619929\n",
            "  2.40296374 2.67062239 3.49557433 3.01911257]]\n",
            "Transpose of Matrix A: [[0.91696202 0.73113126 0.78802964 0.71427802 0.71406841 0.44293756\n",
            "  0.23505434 0.23460859 0.62104712 0.0536515 ]\n",
            " [0.12088327 0.81454644 0.84988206 0.12729841 0.25661753 0.5293976\n",
            "  0.46566169 0.25392168 0.92849272 0.48433255]\n",
            " [0.21159938 0.2885939  0.50998138 0.94573807 0.73714446 0.63754145\n",
            "  0.4286276  0.33165902 0.5871361  0.91740183]\n",
            " [0.13322327 0.34668165 0.61146997 0.38781009 0.77558143 0.22137726\n",
            "  0.73616959 0.64022275 0.06776425 0.02457713]\n",
            " [0.20030322 0.57623397 0.99195858 0.84446024 0.06762248 0.00234694\n",
            "  0.23123867 0.39307418 0.04295897 0.48336108]\n",
            " [0.09761431 0.06471175 0.9258687  0.82380715 0.41613803 0.89634281\n",
            "  0.87578739 0.34140182 0.25471974 0.33780778]\n",
            " [0.25763112 0.44752515 0.21133684 0.95299536 0.37374156 0.93357094\n",
            "  0.02369697 0.8147901  0.87124262 0.66471116]\n",
            " [0.72179508 0.4205892  0.32544663 0.33412275 0.80092245 0.80280958\n",
            "  0.30028941 0.09992202 0.06974925 0.8823    ]\n",
            " [0.14554312 0.1047678  0.30178124 0.69283693 0.9006336  0.66473981\n",
            "  0.12349222 0.57874518 0.34089369 0.90041273]\n",
            " [0.15543744 0.21644515 0.61686236 0.04067323 0.25301626 0.6062513\n",
            "  0.25437792 0.78453772 0.79611574 0.42389961]]\n",
            "Transpose of Matrix B: [[0.83337349 0.91376281 0.68142536 0.66799741 0.0910966  0.69247215\n",
            "  0.45187311 0.40077518 0.57522184 0.12583758]\n",
            " [0.62540637 0.7265502  0.11062842 0.67376702 0.42343756 0.80355627\n",
            "  0.46459924 0.0462575  0.4164922  0.78434609]\n",
            " [0.38805202 0.49612465 0.36532709 0.83896359 0.8894153  0.50476643\n",
            "  0.81418813 0.88204095 0.51680672 0.33076296]\n",
            " [0.24464014 0.8823055  0.54252554 0.14892152 0.66623735 0.83729407\n",
            "  0.98623032 0.7927574  0.35752916 0.79159282]\n",
            " [0.5491584  0.63715084 0.69269361 0.1141398  0.13219195 0.71294392\n",
            "  0.52387795 0.67173304 0.51847161 0.55719068]\n",
            " [0.09842283 0.73423898 0.62074312 0.67393075 0.56876147 0.65272207\n",
            "  0.97763575 0.9630417  0.03238022 0.21457432]\n",
            " [0.72297487 0.63380205 0.69616517 0.60941264 0.12794932 0.36652713\n",
            "  0.61813637 0.38223662 0.22482617 0.6306587 ]\n",
            " [0.16306535 0.66771464 0.35682142 0.28511525 0.40404849 0.29643175\n",
            "  0.61509834 0.92683836 0.4337731  0.21584477]\n",
            " [0.35238713 0.49873817 0.86843564 0.50282512 0.39541925 0.69535534\n",
            "  0.52506231 0.88479115 0.7507236  0.45859171]\n",
            " [0.85494971 0.88809251 0.17609749 0.77278111 0.94141341 0.28562827\n",
            "  0.99749376 0.34395367 0.6662934  0.57697987]]\n"
          ]
        }
      ],
      "source": [
        "import numpy as np\n",
        "\n",
        "# Generate a random 10x10 matrix\n",
        "random_matrix_A = np.random.rand(10, 10)\n",
        "print(f\"Random 10x10 Matrix A: {random_matrix_A}\")\n",
        "\n",
        "# Generate another random 10x10 matrix\n",
        "random_matrix_B = np.random.rand(10, 10)\n",
        "print(f\"Random 10x1 Matrix B: {random_matrix_B}\")\n",
        "\n",
        "# Matrix Addition\n",
        "addition_result = random_matrix_A + random_matrix_B\n",
        "print(f\"Matrix Addition Result: {addition_result}\")\n",
        "\n",
        "# Matrix Subtraction\n",
        "subtraction_result = random_matrix_A - random_matrix_B\n",
        "print(f\"Matrix Subtraction Result: {subtraction_result}\")\n",
        "\n",
        "# Matrix Multiplication\n",
        "multiplication_result = np.dot(random_matrix_A, random_matrix_B)\n",
        "print(f\"Matrix Multiplication Result: {multiplication_result}\")\n",
        "\n",
        "# Transpose of random_matrix_A\n",
        "transpose_result_A = np.transpose(random_matrix_A)\n",
        "print(f\"Transpose of Matrix A: {transpose_result_A}\")\n",
        "\n",
        "# Transpose of random_matrix_B\n",
        "transpose_result_B = np.transpose(random_matrix_B)\n",
        "print(f\"Transpose of Matrix B: {transpose_result_B}\")"
      ]
    },
    {
      "cell_type": "code",
      "source": [
        "\"\"\"\"\"\n",
        "1. Matrix Creation & Structure\n",
        "Question: Explain what a matrix is and provide an example of 3x2 matrix.\n",
        "          Using NumPy, write code to create this matrix.\n",
        "\"\"\"\"\"\n",
        "\n",
        "\"\"\"\"\"\n",
        "A matrix is a 2D array of numbers arranged in rows and columns.\n",
        "\"\"\"\"\"\n",
        "import numpy as np\n",
        "\n",
        "A = np.array([[1, 2], [3, 4], [5, 6]])\n",
        "B = np.array([[7, 8], [9, 10]])\n",
        "\n",
        "# Matrix Multiplication\n",
        "multiplication_result = np.dot(A, B)\n",
        "print(f\"A * B: {multiplication_result}\")"
      ],
      "metadata": {
        "colab": {
          "base_uri": "https://localhost:8080/"
        },
        "id": "g9JZljhw-yJ7",
        "outputId": "179b3a72-1098-4019-9f11-cc540353376a"
      },
      "execution_count": 3,
      "outputs": [
        {
          "output_type": "stream",
          "name": "stdout",
          "text": [
            "A * B: [[ 25  28]\n",
            " [ 57  64]\n",
            " [ 89 100]]\n"
          ]
        }
      ]
    },
    {
      "cell_type": "code",
      "source": [
        "\"\"\"\"\"\n",
        "2. Basic Matrix Operations\n",
        "Question: Given two matrices A and B, describe the conditions necessary for\n",
        "          performing matrix addition and multiplication. Write the code to add\n",
        "          multiply two 5x5 matrices using NumPy\n",
        "\"\"\"\"\"\n",
        "\n",
        "random_matrix_A = np.random.rand(5, 5)\n",
        "random_matrix_B = np.random.rand(5, 5)\n",
        "\n",
        "multiplication_result = np.dot(random_matrix_A, random_matrix_B)\n",
        "print(f\"A * B: {multiplication_result}\")"
      ],
      "metadata": {
        "colab": {
          "base_uri": "https://localhost:8080/"
        },
        "id": "U95gmKzh_8Q2",
        "outputId": "a2a5e52d-73ce-41fd-dca1-099d5c4f3120"
      },
      "execution_count": 5,
      "outputs": [
        {
          "output_type": "stream",
          "name": "stdout",
          "text": [
            "A * B: [[0.63211204 1.18273888 1.00686624 1.11511735 0.48308019]\n",
            " [0.92252332 1.78522398 1.50561692 1.74887405 1.04290076]\n",
            " [0.61152413 1.39044959 1.51579292 1.43212863 1.4516384 ]\n",
            " [1.03914021 1.68873958 1.7215947  1.35143593 1.30347579]\n",
            " [0.8443194  1.51250743 1.51803313 1.16698455 1.36860412]]\n"
          ]
        }
      ]
    },
    {
      "cell_type": "code",
      "source": [
        "\"\"\"\"\"\n",
        "3. Transpose of a Matrix\n",
        "Question: Explain the concept of matrix transposition. What effect does it have\n",
        "          on a 3x2 matrix? Write the code to create a 3x2 matrix and find its\n",
        "          transpose.\n",
        "\"\"\"\"\"\n",
        "\n",
        "\"\"\"\"\"\n",
        "The transpose of a matrix is a flipped version of the original matrix,\n",
        "where the rows and columns are switched\n",
        "\"\"\"\"\"\n",
        "C = np.array([[1, 2], [4, 5], [6, 7]])\n",
        "D = np.array([[8, 9], [10, 11]])\n",
        "\n",
        "transpose_result_C = np.transpose(C)\n",
        "print(f\"Transpose of Matrix C: {transpose_result_C}\")\n",
        "\n",
        "transpose_result_D = np.transpose(D)\n",
        "print(f\"Transpose of Matrix D: {transpose_result_D}\")"
      ],
      "metadata": {
        "colab": {
          "base_uri": "https://localhost:8080/"
        },
        "id": "HSEm4eplAvqM",
        "outputId": "070213ab-3aa8-461f-cb78-085adf06e8f5"
      },
      "execution_count": 7,
      "outputs": [
        {
          "output_type": "stream",
          "name": "stdout",
          "text": [
            "Transpose of Matrix C: [[1 4 6]\n",
            " [2 5 7]]\n",
            "Transpose of Matrix D: [[ 8 10]\n",
            " [ 9 11]]\n"
          ]
        }
      ]
    },
    {
      "cell_type": "code",
      "source": [
        "\"\"\"\"\"\n",
        "4. Working with Large Matrices\n",
        "Question: Create a random 5x5 matrix using NumPy. Compute the sum of all\n",
        "          elements in the matrix, then find its transpose. Print both the sum\n",
        "          and the transpose of the matrix\n",
        "\"\"\"\"\"\n",
        "\n",
        "random_matrix_A = np.random.rand(5, 5)\n",
        "print(f\"Random 5x5 Matrix A: {random_matrix_A}\")\n",
        "\n",
        "sum_of_elements = np.sum(random_matrix_A)\n",
        "print(f\"Sum of Elements in Matrix A: {sum_of_elements}\")\n",
        "\n",
        "transpose_result_A = np.transpose(random_matrix_A)\n",
        "print(f\"Transpose of Matrix A: {transpose_result_A}\")"
      ],
      "metadata": {
        "colab": {
          "base_uri": "https://localhost:8080/"
        },
        "id": "B4lAgA-BBojS",
        "outputId": "07495c85-1bc2-44f5-cbe7-0e578f078e0d"
      },
      "execution_count": 8,
      "outputs": [
        {
          "output_type": "stream",
          "name": "stdout",
          "text": [
            "Random 5x5 Matrix A: [[0.18998705 0.50138472 0.55776335 0.54198689 0.84443219]\n",
            " [0.8598619  0.69435295 0.42713308 0.39329953 0.04691227]\n",
            " [0.40190718 0.36423251 0.50146112 0.36353777 0.38458115]\n",
            " [0.65315736 0.64362133 0.18930171 0.02214367 0.9062396 ]\n",
            " [0.41408068 0.6195422  0.52244133 0.78006596 0.8281368 ]]\n",
            "Sum of Elements in Matrix A: 12.65156430240026\n",
            "Transpose of Matrix A: [[0.18998705 0.8598619  0.40190718 0.65315736 0.41408068]\n",
            " [0.50138472 0.69435295 0.36423251 0.64362133 0.6195422 ]\n",
            " [0.55776335 0.42713308 0.50146112 0.18930171 0.52244133]\n",
            " [0.54198689 0.39329953 0.36353777 0.02214367 0.78006596]\n",
            " [0.84443219 0.04691227 0.38458115 0.9062396  0.8281368 ]]\n"
          ]
        }
      ]
    },
    {
      "cell_type": "code",
      "source": [
        "\"\"\"\"\"\n",
        "5. Applying Matrix Operations in Context\n",
        "Question: Suppose you have two random 10x10 matrice D & E. Write code to:\n",
        "          (A) Add the matrices\n",
        "          (B) Subtract E from D\n",
        "          (C) Multiply D and E\n",
        "          Print each result and describe one possible applicaiton of each\n",
        "          operation in computer science.\n",
        "\"\"\"\"\"\n",
        "\n",
        "\"\"\"\"\"\n",
        "Addition: Representing and manipulating images.\n",
        "Subtraction: Calculating differences between images or data sets\n",
        "Multiplication: Transforming graphical objects in computer graphics and\n",
        "                gaming or representing relationships in graph theory.\n",
        "\"\"\"\"\"\n",
        "\n",
        "random_matrix_D = np.random.rand(10, 10)\n",
        "random_matrix_E = np.random.rand(10, 10)\n",
        "\n",
        "addition_result = random_matrix_D + random_matrix_E\n",
        "print(f\"D + E: {addition_result}\")\n",
        "\n",
        "subtraction_result = random_matrix_E - random_matrix_D\n",
        "print(f\"E - D: {subtraction_result}\")\n",
        "\n",
        "multiplication_result = np.dot(random_matrix_D, random_matrix_E)\n",
        "print(f\"D * E: {multiplication_result}\")"
      ],
      "metadata": {
        "colab": {
          "base_uri": "https://localhost:8080/"
        },
        "id": "p7Q5FkqDB8TO",
        "outputId": "8d9f94ab-23ae-4a47-d374-54ddcbf11589"
      },
      "execution_count": 9,
      "outputs": [
        {
          "output_type": "stream",
          "name": "stdout",
          "text": [
            "D + E: [[1.52024523 1.02777258 0.55770593 0.200595   1.30822155 0.37024512\n",
            "  1.31678515 0.99942966 1.08234569 0.70330403]\n",
            " [0.55900208 1.37033892 0.16299259 1.42950774 1.60623083 1.14266176\n",
            "  0.94076679 1.58413221 1.05354026 0.99050173]\n",
            " [1.00934429 1.03446028 0.85987781 1.15587682 1.81820824 1.39230364\n",
            "  1.3979856  0.93757506 0.6051039  0.9544266 ]\n",
            " [0.72450896 1.32925976 0.92451042 0.41552647 0.69979748 0.97932965\n",
            "  1.81339833 0.87499447 0.970982   1.43221555]\n",
            " [1.04344994 0.7471057  1.20846752 0.87012561 1.30810073 0.47033122\n",
            "  0.97094704 0.50887995 0.5536373  1.07318175]\n",
            " [1.1949694  1.17536641 0.74910414 1.31943876 1.48375461 1.36215507\n",
            "  1.20719681 1.63727293 1.02744542 1.14564699]\n",
            " [0.92830889 0.14980792 0.51475746 1.25482703 0.81519023 0.46741747\n",
            "  0.25854095 0.67455745 1.37635511 0.84316354]\n",
            " [0.97105494 1.78910943 0.96458868 1.27833652 0.34129008 1.49291907\n",
            "  1.16769145 1.05635276 1.20662626 1.86705803]\n",
            " [1.64479407 0.6238941  1.06350765 0.59181265 0.85735601 0.94392599\n",
            "  1.26007886 0.60473677 0.69164487 1.74274774]\n",
            " [1.20969483 0.77875891 0.55989981 1.51993766 0.65140722 0.73196989\n",
            "  0.53074331 1.01780359 1.20012861 1.47363225]]\n",
            "E - D: [[-0.03600871  0.86793599 -0.22111347 -0.14426267 -0.08711991 -0.29208981\n",
            "   0.16265602 -0.31054475  0.37901723  0.07518485]\n",
            " [ 0.33117415 -0.62313526 -0.13528745 -0.269746    0.24670787  0.19076589\n",
            "  -0.11857814 -0.2892108  -0.37530576  0.22045589]\n",
            " [-0.28378068 -0.18455099  0.52290443 -0.12142771  0.01957873  0.25596772\n",
            "   0.18177402 -0.04814708 -0.29541881 -0.84676985]\n",
            " [-0.62536654  0.36728734 -0.80524678 -0.03340357  0.35533006 -0.47914874\n",
            "  -0.15326771 -0.43976074 -0.87805473  0.05717303]\n",
            " [ 0.64967316 -0.31344198  0.55410381 -0.56318792 -0.54498443  0.35632874\n",
            "  -0.60152315 -0.38623924  0.02794221  0.02942794]\n",
            " [ 0.07845341 -0.34951212  0.68265785  0.42264388 -0.34157853  0.49966179\n",
            "  -0.56966582  0.19523384  0.60266729  0.59109903]\n",
            " [ 0.15845749  0.05750359  0.40352118 -0.322752   -0.4412139   0.38836785\n",
            "  -0.1192012  -0.18433746  0.55815774  0.2986384 ]\n",
            " [-0.26386024 -0.07335122 -0.17937915 -0.11005348 -0.17857649  0.47753668\n",
            "  -0.72034653  0.29341054 -0.54315582  0.03128211]\n",
            " [-0.19422445  0.15170636 -0.85863035  0.28804014  0.50553051  0.48613263\n",
            "  -0.08854758 -0.31000025 -0.17879355  0.01386178]\n",
            " [ 0.31713097  0.6044847  -0.310591    0.47398749  0.57727869 -0.09638493\n",
            "   0.40231998  0.81334317 -0.28959868  0.05742691]]\n",
            "D * E: [[2.60431329 2.34248399 1.86078032 1.81749897 2.04702031 2.28788341\n",
            "  1.83281561 1.7995299  2.14537693 2.67327588]\n",
            " [2.9340085  3.01017431 1.85865816 2.83170257 3.00807142 3.51108343\n",
            "  2.43886145 2.63334525 2.25094746 4.19031859]\n",
            " [3.48578138 3.16685623 2.10221788 2.88097899 3.13272338 2.98477268\n",
            "  2.57578503 2.77957022 2.73665153 3.99444039]\n",
            " [3.61215079 3.21576207 2.295428   3.38420278 3.54276508 3.81398782\n",
            "  2.90858421 3.10649485 3.16436458 4.01953613]\n",
            " [2.5315526  2.28445612 1.79546768 2.07481758 2.35945861 2.37730153\n",
            "  1.95857754 1.83296647 1.93749152 3.01335992]\n",
            " [2.93856089 2.56921846 2.01457437 2.28148986 2.44868183 2.77884989\n",
            "  1.90781422 2.23891743 2.58855162 3.48266768]\n",
            " [1.68150095 1.96231843 1.06399975 1.13820416 1.52358221 1.46832733\n",
            "  1.60689364 1.07927577 1.11106544 2.23201207]\n",
            " [3.64104977 3.43032831 1.93344343 3.43075274 3.8883283  3.56709446\n",
            "  3.1692417  3.16032571 3.0590488  4.30821566]\n",
            " [2.94203639 2.85858792 1.79195311 2.54999397 2.93217197 2.63422159\n",
            "  2.57540536 2.48009677 2.45463176 2.82455291]\n",
            " [2.00074281 2.13616672 0.97178046 1.87787202 2.2426526  1.85173332\n",
            "  2.07671974 1.74208989 1.40508829 2.34943492]]\n"
          ]
        }
      ]
    }
  ]
}